BK.CMB.00.BHZ.M.2011.070.054624.SAC.cut 72.5201 0.000632949 0.000632949 -0.000866648
CI.PASC.00.BHZ.M.2011.070.054624.SAC.cut 76.2293 0.00045192 0.00045192 -0.000745624
HK.HKPS.00.BHZ.M.2011.070.054624.SAC.cut 28.9876 0.00293653 0.00293653 -0.00618509
IC.BJT.00.BHZ.M.2011.070.054624.SAC.cut 20.3733 0.00679143 0.00679143 -0.0200395
IC.ENH.00.BHZ.M.2011.070.054624.SAC.cut 28.2079 0.00450786 0.00450786 -0.00875778
IC.HIA.00.BHZ.M.2011.070.054624.SAC.cut 19.6027 0.00579527 0.00579527 -0.00858702
IC.KMI.00.BHZ.M.2011.070.054624.SAC.cut 35.9141 0.00333262 0.00333262 -0.00480912
IC.LSA.00.BHZ.M.2011.070.054624.SAC.cut 42.8795 0.00237274 0.00237274 -0.0048491
IC.MDJ.00.BHZ.M.2011.070.054624.SAC.cut 11.4763 0.0308261 0.0308261 -0.0338567
IC.QIZ.00.BHZ.M.2011.070.054624.SAC.cut 34.1461 0.0073977 0.0073977 -0.00665433
IC.SSE.00.BHZ.M.2011.070.054624.SAC.cut 18.8188 0.00765861 0.00765861 -0.0184519
IC.WMQ.00.BHZ.M.2011.070.054624.SAC.cut 40.9584 0.00368348 0.00368348 -0.00645082
IC.XAN.00.BHZ.M.2011.070.054624.SAC.cut 27.2503 0.00427843 0.00427843 -0.00955824
II.AAK.00.BHZ.M.2011.070.054624.SAC.cut 50.5678 0.00226399 0.00226399 -0.0040479
II.ABKT.00.BHZ.M.2011.070.054624.SAC.cut 63.8908 0.00253921 0.00253921 -0.00282924
II.ALE.00.BHZ.M.2011.070.054624.SAC.cut 58.8044 0.000968493 0.000968493 -0.00136882
II.ARU.00.BHZ.M.2011.070.054624.SAC.cut 55.924 0.00302013 0.00302013 -0.00368355
II.BFO.00.BHZ.M.2011.070.054624.SAC.cut 84.5707 0.000994381 0.000994381 -0.00134988
II.BORG.00.BHZ.M.2011.070.054624.SAC.cut 76.4933 0.000705839 0.000705839 -0.00132407
II.BRVK.00.BHZ.M.2011.070.054624.SAC.cut 50.3484 0.00475895 0.00475895 -0.00661964
II.COCO.00.BHZ.M.2011.070.054624.SAC.cut 65.8348 0.000966629 0.000966629 -0.00124508
II.DGAR.00.BHZ.M.2011.070.054624.SAC.cut 79.1164 0.00100896 0.00100896 -0.00177069
II.ESK.00.BHZ.M.2011.070.054624.SAC.cut 82.2191 0.000906613 0.000906613 -0.00146566
II.FFC.00.BHZ.M.2011.070.054624.SAC.cut 72.2325 0.000396975 0.000396975 -0.000726326
II.KAPI.00.BHZ.M.2011.070.054624.SAC.cut 47.9354 0.00071058 0.00071058 -0.00155088
II.KDAK.00.BHZ.M.2011.070.054624.SAC.cut 45.6539 0.000891274 0.000891274 -0.000905622
II.KIV.00.BHZ.M.2011.070.054624.SAC.cut 70.6541 0.00139848 0.00139848 -0.00248201
II.KURK.00.BHZ.M.2011.070.054624.SAC.cut 45.7637 0.00323093 0.00323093 -0.0049509
II.LVZ.00.BHZ.M.2011.070.054624.SAC.cut 61.273 0.0012098 0.0012098 -0.00157515
II.MSVF.00.BHZ.M.2011.070.054624.SAC.cut 65.0299 0.00115404 0.00115404 -0.00193401
II.OBN.00.BHZ.M.2011.070.054624.SAC.cut 67.541 0.00153167 0.00153167 -0.00227481
II.PALK.00.BHZ.M.2011.070.054624.SAC.cut 63.3826 0.00181282 0.00181282 -0.00192902
II.PFO.00.BHZ.M.2011.070.054624.SAC.cut 77.7121 0.000497481 0.000497481 -0.000758697
II.RAYN.00.BHZ.M.2011.070.054624.SAC.cut 80.8776 0.00139475 0.00139475 -0.00231529
II.TAU.00.BHZ.M.2011.070.054624.SAC.cut 80.953 0.000452385 0.000452385 -0.000588643
II.TLY.00.BHZ.M.2011.070.054624.SAC.cut 30.1032 0.0041322 0.0041322 -0.00883156
II.UOSS.00.BHZ.M.2011.070.054624.SAC.cut 72.1465 0.00177753 0.00177753 -0.002558
II.WRAB.00.BHZ.M.2011.070.054624.SAC.cut 58.408 0.000416549 0.000416549 -0.000682026
IU.AFI.00.BHZ.M.2011.070.054624.SAC.cut 67.3705 0.00100008 0.00100008 -0.00171067
IU.ANMO.00.BHZ.M.2011.070.054624.SAC.cut 83.1947 0.00049386 0.00049386 -0.000656086
IU.ANTO.00.BHZ.M.2011.070.054624.SAC.cut 78.982 0.0013046 0.0013046 -0.00234297
IU.BILL.00.BHZ.M.2011.070.054624.SAC.cut 32.6639 0.00121749 0.00121749 -0.00187099
IU.CHTO.00.BHZ.M.2011.070.055007.SAC.cut 42.3447 0.0162926 0.0162926 -0.0102815
IU.COLA.00.BHZ.M.2011.070.054624.SAC.cut 47.6016 0.000577866 0.000577866 -0.000969125
IU.COR.00.BHZ.M.2011.070.054624.SAC.cut 67.0837 0.00056149 0.00056149 -0.000980538
IU.CTAO.00.BHZ.M.2011.070.054624.SAC.cut 58.1888 0.000745717 0.000745717 -0.00112115
IU.DAV.00.BHZ.M.2011.070.054624.SAC.cut 34.606 0.000572509 0.000572509 -0.00127129
IU.FUNA.00.BHZ.M.2011.070.054624.SAC.cut 57.8543 0.00285719 0.00285719 -0.0033138
IU.GNI.00.BHZ.M.2011.070.054624.SAC.cut 71.5626 0.00169171 0.00169171 -0.00268245
IU.GUMO.00.BHZ.M.2011.070.054624.SAC.cut 24.7079 0.00357568 0.00357568 -0.003511
IU.HKT.00.BHZ.M.2011.070.054624.SAC.cut 93.0392 0.000439279 0.000439279 -0.000764801
IU.HNR.00.BHZ.M.2011.070.054624.SAC.cut 50.2433 0.00265975 0.00265975 -0.00223556
IU.HRV.00.BHZ.M.2011.070.054624.SAC.cut 93.8568 0.000325852 0.000325852 -0.000563665
IU.INCN.00.BHZ.M.2011.070.054624.SAC.cut 12.4727 0.0225859 0.0225859 -0.0372724
IU.JOHN.00.BHZ.M.2011.070.054624.SAC.cut 47.1471 0.00252957 0.00252957 -0.0026696
IU.KBS.00.BHZ.M.2011.070.054624.SAC.cut 59.5519 0.00129054 0.00129054 -0.00192305
IU.KEV.00.BHZ.M.2011.070.054624.SAC.cut 62.5326 0.00143224 0.00143224 -0.00184815
IU.KIEV.00.BHZ.M.2011.070.054624.SAC.cut 73.7629 0.00110995 0.00110995 -0.00211704
IU.KIP.00.BHZ.M.2011.070.054624.SAC.cut 53.4946 0.00135652 0.00135652 -0.00189019
IU.KONO.00.BHZ.M.2011.070.054624.SAC.cut 74.9113 0.000857449 0.000857449 -0.00179096
IU.MAKZ.00.BHZ.M.2011.070.054624.SAC.cut 44.3135 0.00326832 0.00326832 -0.00582252
IU.MBWA.00.BHZ.M.2011.070.054624.SAC.cut 62.8485 0.00048355 0.00048355 -0.000814382
IU.MIDW.00.BHZ.M.2011.070.054624.SAC.cut 34.8971 0.00353353 0.00353353 -0.00313415
IU.NWAO.00.BHZ.M.2011.070.054624.SAC.cut 74.6221 0.000425649 0.000425649 -0.000799493
IU.PET.00.BHZ.M.2011.070.054624.SAC.cut 18.5418 0.00400618 0.00400618 -0.00356826
IU.PMG.00.BHZ.M.2011.070.054624.SAC.cut 47.6631 0.00104773 0.00104773 -0.00104692
IU.POHA.00.BHZ.M.2011.070.054624.SAC.cut 56.3428 0.00246837 0.00246837 -0.00281749
IU.RAO.00.BHZ.M.2011.070.054624.SAC.cut 76.7557 1.37833e-07 1.37833e-07 -1.19785e-07
IU.RAR.00.BHZ.M.2011.070.054624.SAC.cut 80.2922 0.000857848 0.000857848 -0.00113065
IU.RSSD.00.BHZ.M.2011.070.054624.SAC.cut 78.382 0.000358976 0.000358976 -0.000566514
IU.SFJD.00.BHZ.M.2011.070.054624.SAC.cut 74.5626 0.000498514 0.000498514 -0.00114462
IU.SLBS.00.BHZ.M.2011.070.054624.SAC.cut 88.4277 0.000467521 0.000467521 -0.000890046
IU.SNZO.00.BHZ.M.2011.070.054624.SAC.cut 84.5483 0.000585253 0.000585253 -0.000846173
IU.SSPA.00.BHZ.M.2011.070.054624.SAC.cut 93.2429 0.000289738 0.000289738 -0.000609132
IU.TARA.00.BHZ.M.2011.070.054624.SAC.cut 46.2182 0.00229751 0.00229751 -0.00221669
IU.TATO.00.BHZ.M.2011.070.054624.SAC.cut 22.1246 0.0190516 0.0190516 -0.0181499
IU.TIXI.00.BHZ.M.2011.070.054624.SAC.cut 34.1199 0.00181688 0.00181688 -0.00363011
IU.TUC.00.BHZ.M.2011.070.054624.SAC.cut 82.227 0.000581636 0.000581636 -0.000704486
IU.ULN.00.BHZ.M.2011.070.054624.SAC.cut 27.3043 0.00511587 0.00511587 -0.0129422
IU.WAKE.00.BHZ.M.2011.070.054624.SAC.cut 28.3469 0.00369718 0.00369718 -0.00594132
IU.WCI.00.BHZ.M.2011.070.054624.SAC.cut 91.6577 0.00022106 0.00022106 -0.000607611
IU.WVT.00.BHZ.M.2011.070.054624.SAC.cut 92.6031 0.000290729 0.000290729 -0.000646917
IU.XMAS.00.BHZ.M.2011.070.054624.SAC.cut 65.6139 3.94593e-07 3.94593e-07 -4.64409e-07
IU.YAK.00.BHZ.M.2011.070.054624.SAC.cut 25.0191 0.00302837 0.00302837 -0.00798152
